 STATE LISTING OF AQU MEM  
  POS     CLK PGM SS  SMR SOE VCCSDATA     
 0000 T   0   1   0   0   0   1   7A                                          
 0001     0   1   0   0   0   1   7A                                          
 0002     0   1   0   0   0   1   7A                                          
 0003     0   1   0   0   0   1   7A                                          
 0004     0   1   0   0   0   1   7A                                          
 0005     0   1   0   0   0   1   7A                                          
 0006     0   1   0   0   0   1   7A                                          
 0007     0   1   0   0   0   1   7A                                          
 0008     0   1   0   0   0   1   7A                                          
 0009     0   1   0   0   0   1   7A                                          
 0010     0   1   0   0   0   1   7A                                          
 0011     0   1   0   0   0   1   7A                                          
 0012     0   1   0   0   0   1   7A                                          
 0013     0   1   1   0   0   1   4A                                          
 0014     0   1   1   1   1   1   00                                          
 0015     0   1   1   1   1   1   00                                          
 0016     0   1   1   1   1   1   00                                          
 0017     0   1   1   1   1   1   00                                          
 0018     0   1   1   1   1   1   00                                          
 0019     0   1   0   1   1   1   00                                          
 0020     0   1   0   1   1   1   00                                          
 0021     0   1   0   1   1   1   00                                          
 0022     0   1   1   1   1   1   00                                          
 0023     0   1   1   1   1   1   00                                          
 0024     0   1   1   1   0   1   00                                          
 0025     0   1   1   1   0   1   00                                          
 0026     0   1   0   1   0   1   7A                                          
 0027     0   1   0   1   0   1   7A                                          
 0028     0   1   1   1   0   1   7A                                          
 0029     0   1   1   1   0   1   00                                          
 0030     0   1   1   0   0   1   00                                          
 0031     0   1   0   0   0   1   7A                                          
 0032     0   1   0   0   0   1   7A                                          
 0033     0   1   0   0   0   1   7A                                          
 0034     0   1   0   0   0   1   7A                                          
 0035     0   1   0   0   0   1   7A                                          
 0036     0   1   0   0   0   1   7A                                          
 0037     0   1   0   0   0   1   7A                                          
 0038     0   1   0   0   0   1   7A                                          
 0039     0   1   0   0   0   1   7A                                          
 0040     0   1   0   0   0   1   7A                                          
 0041     0   1   0   0   0   1   7A                                          
 0042     0   1   0   0   0   1   7A                                          
 0043     0   1   0   0   0   1   7A                                          
 0044     0   1   0   0   0   1   7A                                          
 0045     0   1   0   0   0   1   7A                                          
 0046     0   1   0   0   0   1   7A                                          
 0047     0   1   0   0   0   1   7A                                          
 0048     0   1   0   0   0   1   7A                                          
 0049     0   1   0   0   0   1   7A                                          
 0050     0   1   0   0   0   1   7A                                          
 0051     0   1   0   0   0   1   7A                                          
 0052     0   1   0   0   0   1   7A                                          
 0053     0   1   0   0   0   1   7A                                          
 0054     0   1   0   0   0   1   7A                                          
 0055     0   1   0   0   0   1   7A                                          
 0056     0   1   0   0   0   1   7A                                          
 0057     0   1   0   0   0   1   7A                                          
 0058     0   1   0   0   0   1   7A                                          
 0059     0   1   0   0   0   1   7A                                          
 0060     0   1   0   0   0   1   7A                                          
 0061     0   1   0   0   0   1   7A                                          
 0062     0   1   0   0   0   1   7A                                          
 0063     0   1   0   0   0   1   7A                                          
 0064     0   1   0   0   0   1   7A                                          
 0065     0   1   0   0   0   1   7A                                          
 0066     0   1   0   0   0   1   7A                                          
 0067     0   1   0   0   0   1   7A                                          
 0068     0   1   0   0   0   1   7A                                          
 0069     0   1   0   0   0   1   7A                                          
 0070     0   1   0   0   0   1   7A                                          
 0071     0   1   0   0   0   1   7A                                          
 0072     0   1   0   0   0   1   7A                                          
 0073     0   1   0   0   0   1   7A                                          
 0074     1   1   0   0   0   1   02                                          
 0075     1   1   0   0   0   1   02                                          
 0076     1   1   0   0   0   1   02                                          
 0077     1   1   0   0   0   1   02                                          
 0078     1   1   0   0   0   1   02                                          
 0079     0   1   0   0   0   1   58                                          
 0080     0   1   0   0   0   1   58                                          
 0081     0   1   0   0   0   1   58                                          
 0082     0   1   0   0   0   1   58                                          
 0083     0   1   0   0   0   1   58                                          
 0084     0   1   0   0   0   1   58                                          
 0085     0   1   0   0   0   1   58                                          
 0086     0   1   0   0   0   1   58                                          
 0087     0   1   0   0   0   1   58                                          
 0088     0   1   0   0   0   1   58                                          
 0089     0   1   0   0   0   1   58                                          
 0090     0   1   0   0   0   1   58                                          
 0091     0   1   0   0   0   1   58                                          
 0092     0   1   0   0   0   1   58                                          
 0093     0   1   0   0   0   1   58                                          
 0094     0   1   0   0   0   1   58                                          
 0095     0   1   0   0   0   1   58                                          
 0096     0   1   0   0   0   1   58                                          
 0097     0   1   0   0   0   1   58                                          
 0098     0   1   0   0   0   1   58                                          
 0099     0   1   0   0   0   1   58                                          
 0100     0   1   0   0   0   1   58                                          
 0101     0   1   0   0   0   1   58                                          
 0102     0   1   0   0   0   1   58                                          
 0103     0   1   0   0   0   1   58                                          
 0104     0   1   0   0   0   1   58                                          
 0105     0   1   0   0   0   1   58                                          
 0106     0   1   0   0   0   1   58                                          
 0107     0   1   0   0   0   1   58                                          
 0108     0   1   0   0   0   1   58                                          
 0109     0   1   0   0   0   1   58                                          
 0110     0   1   0   0   0   1   58                                          
 0111     0   1   0   0   0   1   58                                          
 0112     0   1   0   0   0   1   58                                          
 0113     0   1   0   0   0   1   58                                          
 0114     1   1   0   0   0   1   00                                          
 0115     1   1   0   0   0   1   00                                          
 0116     1   1   0   0   0   1   00                                          
 0117     1   1   0   0   0   1   00                                          
 0118     1   1   0   0   0   1   00                                          
 0119     1   1   0   0   0   1   00                                          
 0120     1   1   0   0   0   1   00                                          
 0121     1   1   0   0   0   1   00                                          
 0122     1   1   0   0   0   1   00                                          
 0123     1   1   0   0   0   1   00                                          
 0124     1   1   0   0   0   1   00                                          
 0125     1   1   0   0   0   1   00                                          
 0126     1   1   0   0   0   1   00                                          
 0127     1   1   0   0   0   1   00                                          
 0128     1   1   0   0   0   1   00                                          
 0129     1   1   0   0   0   1   00                                          
 0130     1   1   0   0   0   1   00                                          
 0131     1   1   0   0   0   1   00                                          
 0132     1   1   0   0   0   1   00                                          
 0133     1   1   0   0   0   1   00                                          
 0134     1   1   0   0   0   1   00                                          
 0135     1   1   0   0   0   1   00                                          
 0136     1   1   0   0   0   1   00                                          
 0137     1   1   0   0   0   1   00                                          
 0138     1   1   0   0   0   1   00                                          
 0139     1   1   0   0   0   1   00                                          
 0140     1   1   0   0   0   1   00                                          
 0141     1   1   0   0   0   1   00                                          
 0142     1   1   0   0   0   1   00                                          
 0143     1   1   0   0   0   1   00                                          
 0144     1   1   0   0   0   1   00                                          
 0145     1   1   0   0   0   1   00                                          
 0146     0   1   0   0   0   1   00                                          
 0147     0   1   0   0   0   1   00                                          
 0148     0   1   0   0   0   1   00                                          
 0149     0   1   0   0   0   1   00                                          
 0150     0   1   0   0   0   1   00                                          
 0151     0   1   0   0   0   1   00                                          
 0152     0   1   0   0   0   1   00                                          
 0153     0   1   0   0   0   1   00                                          
 0154     0   1   0   0   0   1   00                                          
 0155     0   1   0   0   0   1   00                                          
 0156     0   1   0   0   0   1   00                                          
 0157     0   1   0   0   0   1   00                                          
 0158     0   1   0   0   0   1   00                                          
 0159     0   1   0   0   0   1   00                                          
 0160     0   1   0   0   0   1   00                                          
 0161     0   1   0   0   0   1   00                                          
 0162     0   1   0   0   0   1   00                                          
 0163     0   1   0   0   0   1   00                                          
 0164     0   1   0   0   0   1   00                                          
 0165     0   1   0   0   0   1   00                                          
 0166     0   1   0   0   0   1   00                                          
 0167     0   1   0   0   0   1   00                                          
 0168     0   1   0   0   0   1   00                                          
 0169     0   1   0   0   0   1   00                                          
 0170     0   1   0   0   0   1   00                                          
 0171     0   1   0   0   0   1   00                                          
 0172     0   1   0   0   0   1   00                                          
 0173     0   1   0   0   0   1   00                                          
 0174     0   1   0   0   0   1   00                                          
 0175     0   1   0   0   0   1   00                                          
 0176     0   1   0   0   0   1   00                                          
 0177     1   1   0   0   0   1   FF                                          
 0178     1   1   0   0   0   1   00                                          
 0179     1   1   0   0   0   1   00                                          
 0180     1   1   0   0   0   1   00                                          
 0181     1   1   0   0   0   1   00                                          
 0182     1   1   0   0   0   1   00                                          
 0183     1   1   0   0   0   1   00                                          
 0184     1   1   0   0   0   1   00                                          
 0185     1   1   0   0   0   1   00                                          
 0186     1   1   0   0   0   1   00                                          
 0187     1   1   0   0   0   1   00                                          
 0188     1   1   0   0   0   1   00                                          
 0189     1   1   0   0   0   1   00                                          
 0190     1   1   0   0   0   1   00                                          
 0191     1   1   0   0   0   1   00                                          
 0192     1   1   0   0   0   1   00                                          
 0193     1   1   0   0   0   1   00                                          
 0194     1   1   0   0   0   1   00                                          
 0195     1   1   0   0   0   1   00                                          
 0196     1   1   0   0   0   1   00                                          
 0197     1   1   0   0   0   1   00                                          
 0198     1   1   0   0   0   1   00                                          
 0199     1   1   0   0   0   1   00                                          
 0200     1   1   0   0   0   1   00                                          
 0201     1   1   0   0   0   1   00                                          
 0202     1   1   0   0   0   1   00                                          
 0203     1   1   0   0   0   1   00                                          
 0204     1   1   0   0   0   1   00                                          
 0205     1   1   0   0   0   1   00                                          
 0206     1   1   0   0   0   1   00                                          
 0207     1   1   0   0   0   1   00                                          
 0208     1   1   0   0   0   1   00                                          
 0209     0   1   0   0   0   1   B2                                          
 0210     0   1   0   0   0   1   B2                                          
 0211     0   1   0   0   0   1   B2                                          
 0212     0   1   0   0   0   1   B2                                          
 0213     0   1   0   0   0   1   B2                                          
 0214     0   1   0   0   0   1   B2                                          
 0215     0   1   0   0   0   1   B2                                          
 0216     0   1   0   0   0   1   B2                                          
 0217     0   1   0   0   0   1   B2                                          
 0218     0   1   0   0   0   1   B2                                          
 0219     0   1   0   0   0   1   B2                                          
 0220     0   1   0   0   0   1   B2                                          
 0221     0   1   0   0   0   1   B2                                          
 0222     0   1   0   0   0   1   B2                                          
 0223     0   1   0   0   0   1   B2                                          
 0224     0   1   0   0   0   1   B2                                          
 0225     0   1   0   0   0   1   B2                                          
 0226     0   1   0   0   0   1   B2                                          
 0227     0   1   0   0   0   1   B2                                          
 0228     0   1   0   0   0   1   B2                                          
 0229     0   1   0   0   0   1   B2                                          
 0230     0   1   0   0   0   1   B2                                          
 0231     0   1   0   0   0   1   B2                                          
 0232     0   1   0   0   0   1   B2                                          
 0233     0   1   0   0   0   1   B2                                          
 0234     0   1   0   0   0   1   B2                                          
 0235     0   1   0   0   0   1   B2                                          
 0236     0   1   0   0   0   1   B2                                          
 0237     0   1   0   0   0   1   B2                                          
 0238     0   1   0   0   0   1   B2                                          
 0239     0   1   0   0   0   1   B2                                          
 0240     0   1   0   0   0   1   B2                                          
 0241     1   1   0   0   0   1   A8                                          
 0242     1   1   0   0   0   1   A8                                          
 0243     1   1   0   0   0   1   A8                                          
 0244     1   1   0   0   0   1   A8                                          
 0245     1   1   0   0   0   1   A8                                          
 0246     1   1   0   0   0   1   A8                                          
 0247     1   1   0   0   0   1   A8                                          
 0248     1   1   0   0   0   1   A8                                          
 0249     1   1   0   0   0   1   A8                                          
 0250     1   1   0   0   0   1   A8                                          
 0251     1   1   0   0   0   1   A8                                          
 0252     1   1   0   0   0   1   A8                                          
 0253     1   1   0   0   0   1   A8                                          
 0254     1   1   0   0   0   1   A8                                          
 0255     1   1   0   0   0   1   A8                                          
 0256     1   1   0   0   0   1   A8                                          
 0257     1   1   0   0   0   1   A8                                          
 0258     1   1   0   0   0   1   A8                                          
 0259     1   1   0   0   0   1   A8                                          
 0260     1   1   0   0   0   1   A8                                          
 0261     1   1   0   0   0   1   A8                                          
 0262     1   1   0   0   0   1   A8                                          
 0263     1   1   0   0   0   1   A8                                          
 0264     1   1   0   0   0   1   A8                                          
 0265     1   1   0   0   0   1   A8                                          
 0266     1   1   0   0   0   1   A8                                          
 0267     1   1   0   0   0   1   A8                                          
 0268     1   1   0   0   0   1   A8                                          
 0269     1   1   0   0   0   1   A8                                          
 0270     1   1   0   0   0   1   A8                                          
 0271     1   1   0   0   0   1   A8                                          
 0272     1   1   0   0   0   1   A8                                          
 0273     0   1   0   0   0   1   84                                          
 0274     0   1   0   0   0   1   84                                          
 0275     0   1   0   0   0   1   84                                          
 0276     0   1   0   0   0   1   84                                          
 0277     0   1   0   0   0   1   84                                          
 0278     0   1   0   0   0   1   84                                          
 0279     0   1   0   0   0   1   84                                          
 0280     0   1   0   0   0   1   84                                          
 0281     0   1   0   0   0   1   84                                          
 0282     0   1   0   0   0   1   84                                          
 0283     0   1   0   0   0   1   84                                          
 0284     0   1   0   0   0   1   84                                          
 0285     0   1   0   0   0   1   84                                          
 0286     0   1   0   0   0   1   84                                          
 0287     0   1   0   0   0   1   84                                          
 0288     0   1   0   0   0   1   84                                          
 0289     0   1   0   0   0   1   84                                          
 0290     0   1   0   0   0   1   84                                          
 0291     0   1   0   0   0   1   84                                          
 0292     0   1   0   0   0   1   84                                          
 0293     0   1   0   0   0   1   84                                          
 0294     0   1   0   0   0   1   84                                          
 0295     0   1   0   0   0   1   84                                          
 0296     0   1   0   0   0   1   84                                          
 0297     0   1   0   0   0   1   84                                          
 0298     0   1   0   0   0   1   84                                          
 0299     0   1   0   0   0   1   84                                          
 0300     0   1   0   0   0   1   84                                          
 0301     0   1   0   0   0   1   84                                          
 0302     0   1   0   0   0   1   84                                          
 0303     0   1   0   0   0   1   84                                          
 0304     0   1   0   0   0   1   84                                          
 0305     1   1   0   0   0   1   AA                                          
 0306     1   1   0   0   0   1   AA                                          
 0307     1   1   0   0   0   1   AA                                          
 0308     1   1   0   0   0   1   AA                                          
 0309     1   1   0   0   0   1   AA                                          
 0310     1   1   0   0   0   1   AA                                          
 0311     1   1   0   0   0   1   AA                                          
 0312     1   1   0   0   0   1   AA                                          
 0313     1   1   0   0   0   1   AA                                          
 0314     1   1   0   0   0   1   AA                                          
 0315     1   1   0   0   0   1   AA                                          
 0316     1   1   0   0   0   1   AA                                          
 0317     1   1   0   0   0   1   AA                                          
 0318     1   1   0   0   0   1   AA                                          
 0319     1   1   0   0   0   1   AA                                          
 0320     1   1   0   0   0   1   AA                                          
 0321     1   1   0   0   0   1   AA                                          
 0322     1   1   0   0   0   1   AA                                          
 0323     1   1   0   0   0   1   AA                                          
 0324     1   1   0   0   0   1   AA                                          
 0325     1   1   0   0   0   1   AA                                          
 0326     1   1   0   0   0   1   AA                                          
 0327     1   1   0   0   0   1   AA                                          
 0328     1   1   0   0   0   1   AA                                          
 0329     1   1   0   0   0   1   AA                                          
 0330     1   1   0   0   0   1   AA                                          
 0331     1   1   0   0   0   1   AA                                          
 0332     1   1   0   0   0   1   AA                                          
 0333     1   1   0   0   0   1   AA                                          
 0334     1   1   0   0   0   1   AA                                          
 0335     1   1   0   0   0   1   AA                                          
 0336     1   1   0   0   0   1   AA                                          
 0337     0   1   0   0   0   1   09                                          
 0338     0   1   0   0   0   1   09                                          
 0339     0   1   0   0   0   1   09                                          
 0340     0   1   0   0   0   1   09                                          
 0341     0   1   0   0   0   1   09                                          
 0342     0   1   0   0   0   1   09                                          
 0343     0   1   0   0   0   1   09                                          
 0344     0   1   0   0   0   1   09                                          
 0345     0   1   0   0   0   1   09                                          
 0346     0   1   0   0   0   1   09                                          
 0347     0   1   0   0   0   1   09                                          
 0348     0   1   0   0   0   1   09                                          
 0349     0   1   0   0   0   1   09                                          
 0350     0   1   0   0   0   1   09                                          
 0351     0   1   0   0   0   1   09                                          
 0352     0   1   0   0   0   1   09                                          
 0353     0   1   0   0   0   1   09                                          
 0354     0   1   1   0   0   1   09                                          
 0355     0   1   1   1   1   1   00                                          
 0356     0   1   1   1   1   1   00                                          
 0357     0   1   1   1   1   1   00                                          
 0358     0   1   1   1   1   1   00                                          
 0359     0   1   1   1   1   1   00                                          
 0360     0   1   0   1   1   1   00                                          
 0361     0   1   0   1   1   1   00                                          
 0362     0   1   1   1   1   1   00                                          
 0363     0   1   1   1   1   1   00                                          
 0364     0   1   1   1   1   1   00                                          
 0365     0   1   1   1   0   1   00                                          
 0366     0   1   1   1   0   1   00                                          
 0367     0   1   0   1   0   1   7A                                          
 0368     0   1   0   1   0   1   7A                                          
 0369     0   1   1   1   0   1   5A                                          
 0370     0   1   1   1   0   1   00                                          
 0371     0   1   1   0   0   1   00                                          
 0372     0   1   0   0   0   1   7A                                          
 0373     0   1   0   0   0   1   7A                                          
 0374     0   1   0   0   0   1   7A                                          
 0375     0   1   0   0   0   1   7A                                          
 0376     0   1   0   0   0   1   7A                                          
 0377     0   1   0   0   0   1   7A                                          
 0378     0   1   0   0   0   1   7A                                          
 0379     0   1   0   0   0   1   7A                                          
 0380     0   1   0   0   0   1   7A                                          
 0381     0   1   0   0   0   1   7A                                          
 0382     0   1   0   0   0   1   7A                                          
 0383     0   1   0   0   0   1   7A                                          
 0384     0   1   0   0   0   1   7A                                          
 0385     0   1   0   0   0   1   7A                                          
 0386     0   1   0   0   0   1   7A                                          
 0387     0   1   0   0   0   1   7A                                          
 0388     0   1   0   0   0   1   7A                                          
 0389     0   1   0   0   0   1   7A                                          
 0390     0   1   0   0   0   1   7A                                          
 0391     0   1   0   0   0   1   7A                                          
 0392     0   1   0   0   0   1   7A                                          
 0393     0   1   0   0   0   1   7A                                          
 0394     0   1   0   0   0   1   7A                                          
 0395     0   1   0   0   0   1   7A                                          
 0396     0   1   0   0   0   1   7A                                          
 0397     0   1   0   0   0   1   7A                                          
 0398     0   1   0   0   0   1   7A                                          
 0399     0   1   0   0   0   1   7A                                          
 0400     0   1   0   0   0   1   7A                                          
 0401     0   1   0   0   0   1   7A                                          
 0402     0   1   0   0   0   1   7A                                          
 0403     0   1   0   0   0   1   7A                                          
 0404     0   1   0   0   0   1   7A                                          
 0405     0   1   0   0   0   1   7A                                          
 0406     0   1   0   0   0   1   7A                                          
 0407     0   1   0   0   0   1   7A                                          
 0408     0   1   0   0   0   1   7A                                          
 0409     0   1   0   0   0   1   7A                                          
 0410     0   1   0   0   0   1   7A                                          
 0411     0   1   0   0   0   1   7A                                          
 0412     0   1   0   0   0   1   7A                                          
 0413     0   1   0   0   0   1   7A                                          
 0414     0   1   0   0   0   1   7A                                          
 0415     0   1   0   0   0   1   7A                                          
 0416     0   1   0   0   0   1   7A                                          
 0417     0   1   0   0   0   1   7A                                          
 0418     0   1   0   0   0   1   7A                                          
 0419     0   1   0   0   0   1   7A                                          
 0420     0   1   0   0   0   1   7A                                          
 0421     0   1   0   0   0   1   7A                                          
 0422     0   1   0   0   0   1   7A                                          
 0423     0   1   0   0   0   1   7A                                          
 0424     0   1   0   0   0   1   7A                                          
 0425     0   1   0   0   0   1   7A                                          
 0426     0   1   0   0   0   1   7A                                          
 0427     0   1   0   0   0   1   7A                                          
 0428     0   1   0   0   0   1   7A                                          
 0429     0   1   0   0   0   1   7A                                          
 0430     0   1   0   0   0   1   7A                                          
 0431     0   1   0   0   0   1   7A                                          
 0432     0   1   0   0   0   1   7A                                          
 0433     0   1   0   0   0   1   7A                                          
 0434     0   1   0   0   0   1   7A                                          
 0435     0   1   0   0   0   1   7A                                          
 0436     0   1   0   0   0   1   7A                                          
 0437     0   1   0   0   0   1   7A                                          
 0438     0   1   0   0   0   1   7A                                          
 0439     0   1   0   0   0   1   7A                                          
 0440     0   1   0   0   0   1   7A                                          
 0441     0   1   0   0   0   1   7A                                          
 0442     0   1   0   0   0   1   7A                                          
 0443     0   1   0   0   0   1   7A                                          
 0444     0   1   0   0   0   1   7A                                          
 0445     0   1   0   0   0   1   7A                                          
 0446     0   1   0   0   0   1   7A                                          
 0447     0   1   0   0   0   1   7A                                          
 0448     0   1   0   0   0   1   7A                                          
 0449     0   1   0   0   0   1   7A                                          
 0450     0   1   0   0   0   1   7A                                          
 0451     0   1   0   0   0   1   7A                                          
 0452     0   1   0   0   0   1   7A                                          
 0453     0   1   0   0   0   1   7A                                          
 0454     0   1   0   0   0   1   7A                                          
 0455     0   1   0   0   0   1   7A                                          
 0456     0   1   0   0   0   1   7A                                          
 0457     0   1   0   0   0   1   7A                                          
 0458     0   1   0   0   0   1   7A                                          
 0459     0   1   0   0   0   1   7A                                          
 0460     0   1   0   0   0   1   7A                                          
 0461     0   1   0   0   0   1   7A                                          
 0462     0   1   0   0   0   1   7A                                          
 0463     0   1   0   0   0   1   7A                                          
 0464     0   1   0   0   0   1   7A                                          
 0465     0   1   0   0   0   1   7A                                          
 0466     1   1   0   0   0   1   02                                          
 0467     1   1   0   0   0   1   02                                          
 0468     0   1   0   0   0   1   58                                          
 0469     0   1   0   0   0   1   58                                          
 0470     0   1   0   0   0   1   58                                          
 0471     0   1   0   0   0   1   58                                          
 0472     0   1   0   0   0   1   58                                          
 0473     0   1   0   0   0   1   58                                          
 0474     0   1   0   0   0   1   00                                          
 0475     1   1   0   0   0   1   00                                          
 0476     0   1   0   0   0   1   B2                                          
 0477     1   1   0   0   0   1   A8                                          
 0478     0   1   0   0   0   1   84                                          
 0479     0   1   0   0   0   1   09                                          
 0480     0   1   0   0   0   1   09                                          
 0481     0   1   0   0   0   1   09                                          
 0482     0   1   0   0   0   1   09                                          
 0483     0   1   0   0   0   1   09                                          
 0484     0   1   0   0   0   1   09                                          
 0485     0   1   0   0   0   1   09                                          
 0486     0   1   0   0   0   1   09                                          
 0487     0   1   0   0   0   1   09                                          
 0488     0   1   0   0   0   1   09                                          
 0489     0   1   0   0   0   1   09                                          
 0490     0   1   0   0   0   1   09                                          
 0491     0   1   0   0   0   1   09                                          
 0492     0   1   0   0   0   1   09                                          
 0493     0   1   0   0   0   1   09                                          
 0494     0   1   0   0   0   1   09                                          
 0495     0   1   0   0   0   1   09                                          
 0496     0   1   0   0   0   1   09                                          
 0497     0   1   0   0   0   1   09                                          
 0498     0   1   0   0   0   1   09                                          
 0499     0   1   0   0   0   1   09                                          
 0500     0   1   0   0   0   1   09                                          
 0501     0   1   0   0   0   1   09                                          
 0502     0   1   0   0   0   1   09                                          
 0503     0   1   0   0   0   1   09                                          
 0504     0   1   0   0   0   1   09                                          
 0505     0   1   0   0   0   1   09                                          
 0506     0   1   0   0   0   1   09                                          
 0507     0   1   0   0   0   1   09                                          
 0508     0   1   0   0   0   1   09                                          
 0509     0   1   0   0   0   1   09                                          
 0510     0   1   0   0   0   1   09                                          
 0511     0   1   0   0   0   1   09                                          
 0512     1   1   0   0   0   1   81                                          
 0513     1   1   0   0   0   1   81                                          
 0514     1   1   0   0   0   1   81                                          
 0515     1   1   0   0   0   1   81                                          
 0516     1   1   0   0   0   1   81                                          
 0517     0   1   0   0   0   1   4D                                          
 0518     0   1   0   0   0   1   4D                                          
 0519     0   1   0   0   0   1   4D                                          
 0520     0   1   0   0   0   1   4D                                          
 0521     0   1   0   0   0   1   4D                                          
 0522     0   1   0   0   0   1   4D                                          
 0523     0   1   0   0   0   1   4D                                          
 0524     0   1   0   0   0   1   4D                                          
 0525     0   1   0   0   0   1   4D                                          
 0526     0   1   0   0   0   1   4D                                          
 0527     0   1   0   0   0   1   4D                                          
 0528     0   1   0   0   0   1   4D                                          
 0529     0   1   0   0   0   1   4D                                          
 0530     0   1   0   0   0   1   4D                                          
 0531     0   1   0   0   0   1   4D                                          
 0532     0   1   0   0   0   1   4D                                          
 0533     0   1   0   0   0   1   4D                                          
 0534     0   1   0   0   0   1   4D                                          
 0535     0   1   0   0   0   1   4D                                          
 0536     0   1   0   0   0   1   4D                                          
 0537     0   1   0   0   0   1   4D                                          
 0538     0   1   0   0   0   1   4D                                          
 0539     0   1   0   0   0   1   4D                                          
 0540     0   1   0   0   0   1   4D                                          
 0541     0   1   0   0   0   1   4D                                          
 0542     0   1   0   0   0   1   4D                                          
 0543     0   1   0   0   0   1   4D                                          
 0544     0   1   0   0   0   1   4D                                          
 0545     0   1   0   0   0   1   4D                                          
 0546     0   1   0   0   0   1   4D                                          
 0547     0   1   0   0   0   1   4D                                          
 0548     0   1   0   0   0   1   4D                                          
 0549     0   1   0   0   0   1   4D                                          
 0550     0   1   0   0   0   1   4D                                          
 0551     0   1   0   0   0   1   4D                                          
 0552     0   1   0   0   0   1   4D                                          
 0553     0   1   0   0   0   1   4D                                          
 0554     0   1   0   0   0   1   4D                                          
 0555     0   1   0   0   0   1   4D                                          
 0556     0   1   0   0   0   1   4D                                          
 0557     0   1   0   0   0   1   4D                                          
 0558     0   1   0   0   0   1   4D                                          
 0559     0   1   0   0   0   1   4D                                          
 0560     0   1   0   0   0   1   4D                                          
 0561     0   1   0   0   0   1   4D                                          
 0562     0   1   0   0   0   1   4D                                          
 0563     0   1   0   0   0   1   4D                                          
 0564     0   1   0   0   0   1   4D                                          
 0565     0   1   0   0   0   1   4D                                          
 0566     0   1   0   0   0   1   4D                                          
 0567     0   1   0   0   0   1   4D                                          
 0568     0   1   0   0   0   1   4D                                          
 0569     0   1   0   0   0   1   4D                                          
 0570     0   1   0   0   0   1   4D                                          
 0571     0   1   0   0   0   1   4D                                          
 0572     0   1   0   0   0   1   4D                                          
 0573     0   1   0   0   0   1   4D                                          
 0574     0   1   0   0   0   1   4D                                          
 0575     0   1   0   0   0   1   4D                                          
 0576     0   1   0   0   0   1   4D                                          
 0577     0   1   0   0   0   1   4D                                          
 0578     0   1   0   0   0   1   4D                                          
 0579     0   1   0   0   0   1   4D                                          
 0580     0   1   0   0   0   1   4D                                          
 0581     0   1   0   0   0   1   4D                                          
 0582     0   1   0   0   0   1   4D                                          
 0583     0   1   0   0   0   1   4D                                          
 0584     0   1   0   0   0   1   4D                                          
 0585     0   1   0   0   0   1   4D                                          
 0586     0   1   0   0   0   1   4D                                          
 0587     0   1   0   0   0   1   4D                                          
 0588     0   1   0   0   0   1   4D                                          
 0589     0   1   0   0   0   1   4D                                          
 0590     0   1   0   0   0   1   4D                                          
 0591     0   1   0   0   0   1   4D                                          
 0592     0   1   0   0   0   1   4D                                          
 0593     0   1   0   0   0   1   4D                                          
 0594     0   1   0   0   0   1   4D                                          
 0595     0   1   0   0   0   1   4D                                          
 0596     0   1   0   0   0   1   4D                                          
 0597     0   1   0   0   0   1   4D                                          
 0598     0   1   0   0   0   1   4D                                          
 0599     0   1   0   0   0   1   4D                                          
 0600     0   1   0   0   0   1   4D                                          
 0601     0   1   0   0   0   1   4D                                          
 0602     0   1   0   0   0   1   4D                                          
 0603     0   1   0   0   0   1   4D                                          
 0604     0   1   0   0   0   1   4D                                          
 0605     0   1   0   0   0   1   4D                                          
 0606     1   1   0   0   0   1   41                                          
 0607     1   1   0   0   0   1   41                                          
 0608     1   1   0   0   0   1   41                                          
 0609     1   1   0   0   0   1   41                                          
 0610     1   1   0   0   0   1   41                                          
 0611     0   1   0   0   0   1   49                                          
 0612     0   1   0   0   0   1   20                                          
 0613     1   1   0   0   0   1   20                                          
 0614     0   1   0   0   0   1   FF                                          
 0615     1   1   0   0   0   1   20                                          
 0616     1   1   0   0   0   1   09                                          
 0617     1   1   0   0   0   1   09                                          
 0618     1   1   0   0   0   1   09                                          
 0619     1   1   0   0   0   1   09                                          
 0620     1   1   0   0   0   1   09                                          
 0621     1   1   0   0   0   1   09                                          
 0622     1   1   0   0   0   1   09                                          
 0623     1   1   0   0   0   1   09                                          
 0624     1   1   0   0   0   1   09                                          
 0625     1   1   0   0   0   1   09                                          
 0626     1   1   0   0   0   1   09                                          
 0627     1   1   0   0   0   1   09                                          
 0628     1   1   0   0   0   1   09                                          
 0629     1   1   0   0   0   1   09                                          
 0630     1   1   0   0   0   1   09                                          
 0631     1   1   0   0   0   1   09                                          
 0632     1   1   0   0   0   1   09                                          
 0633     1   1   0   0   0   1   09                                          
 0634     1   1   0   0   0   1   09                                          
 0635     1   1   0   0   0   1   09                                          
 0636     1   1   0   0   0   1   09                                          
 0637     1   1   0   0   0   1   09                                          
 0638     1   1   0   0   0   1   09                                          
 0639     1   1   0   0   0   1   09                                          
 0640     1   1   0   0   0   1   09                                          
 0641     1   1   0   0   0   1   09                                          
 0642     1   1   0   0   0   1   09                                          
 0643     1   1   0   0   0   1   09                                          
 0644     1   1   0   0   0   1   09                                          
 0645     1   1   0   0   0   1   09                                          
 0646     1   1   0   0   0   1   09                                          
 0647     1   1   0   0   0   1   09                                          
 0648     1   1   0   0   0   1   09                                          
 0649     0   1   0   0   0   1   03                                          
 0650     0   1   0   0   0   1   03                                          
 0651     0   1   0   0   0   1   03                                          
 0652     0   1   0   0   0   1   03                                          
 0653     0   1   0   0   0   1   03                                          
 0654     0   1   0   0   0   1   03                                          
 0655     1   1   0   0   0   1   42                                          
 0656     1   1   0   0   0   1   42                                          
 0657     1   1   0   0   0   1   42                                          
 0658     1   1   0   0   0   1   42                                          
 0659     1   1   0   0   0   1   42                                          
 0660     1   1   0   0   0   1   42                                          
 0661     1   1   0   0   0   1   42                                          
 0662     1   1   0   0   0   1   42                                          
 0663     1   1   0   0   0   1   42                                          
 0664     1   1   0   0   0   1   42                                          
 0665     1   1   0   0   0   1   42                                          
 0666     1   1   0   0   0   1   42                                          
 0667     1   1   0   0   0   1   42                                          
 0668     1   1   0   0   0   1   42                                          
 0669     1   1   0   0   0   1   42                                          
 0670     1   1   0   0   0   1   42                                          
 0671     1   1   0   0   0   1   42                                          
 0672     1   1   0   0   0   1   42                                          
 0673     1   1   0   0   0   1   42                                          
 0674     1   1   0   0   0   1   42                                          
 0675     1   1   0   0   0   1   42                                          
 0676     1   1   0   0   0   1   42                                          
 0677     1   1   0   0   0   1   42                                          
 0678     1   1   0   0   0   1   42                                          
 0679     1   1   0   0   0   1   42                                          
 0680     1   1   0   0   0   1   42                                          
 0681     1   1   0   0   0   1   42                                          
 0682     1   1   0   0   0   1   42                                          
 0683     1   1   0   0   0   1   42                                          
 0684     1   1   0   0   0   1   42                                          
 0685     1   1   0   0   0   1   42                                          
 0686     1   1   0   0   0   1   42                                          
 0687     1   1   0   0   0   1   42                                          
 0688     1   1   0   0   0   1   42                                          
 0689     1   1   0   0   0   1   42                                          
 0690     1   1   0   0   0   1   42                                          
 0691     1   1   0   0   0   1   42                                          
 0692     1   1   0   0   0   1   42                                          
 0693     1   1   0   0   0   1   42                                          
 0694     1   1   0   0   0   1   42                                          
 0695     1   1   0   0   0   1   42                                          
 0696     1   1   0   0   0   1   42                                          
 0697     1   1   0   0   0   1   42                                          
 0698     1   1   0   0   0   1   42                                          
 0699     1   1   0   0   0   1   42                                          
 0700     1   1   0   0   0   1   42                                          
 0701     1   1   0   0   0   1   42                                          
 0702     1   1   0   0   0   1   42                                          
 0703     1   1   0   0   0   1   42                                          
 0704     1   1   0   0   0   1   42                                          
 0705     1   1   0   0   0   1   42                                          
 0706     1   1   0   0   0   1   42                                          
 0707     1   1   0   0   0   1   42                                          
 0708     1   1   0   0   0   1   42                                          
 0709     1   1   0   0   0   1   42                                          
 0710     1   1   0   0   0   1   42                                          
 0711     1   1   0   0   0   1   42                                          
 0712     1   1   0   0   0   1   42                                          
 0713     1   1   0   0   0   1   42                                          
 0714     1   1   0   0   0   1   42                                          
 0715     1   1   0   0   0   1   42                                          
 0716     1   1   0   0   0   1   42                                          
 0717     1   1   0   0   0   1   42                                          
 0718     1   1   0   0   0   1   42                                          
 0719     1   1   0   0   0   1   42                                          
 0720     1   1   0   0   0   1   42                                          
 0721     1   1   0   0   0   1   42                                          
 0722     1   1   0   0   0   1   42                                          
 0723     1   1   0   0   0   1   42                                          
 0724     1   1   0   0   0   1   42                                          
 0725     1   1   0   0   0   1   42                                          
 0726     1   1   0   0   0   1   42                                          
 0727     1   1   0   0   0   1   42                                          
 0728     1   1   0   0   0   1   42                                          
 0729     1   1   0   0   0   1   42                                          
 0730     1   1   0   0   0   1   42                                          
 0731     1   1   0   0   0   1   42                                          
 0732     1   1   0   0   0   1   42                                          
 0733     1   1   0   0   0   1   42                                          
 0734     1   1   0   0   0   1   42                                          
 0735     1   1   0   0   0   1   42                                          
 0736     1   1   0   0   0   1   42                                          
 0737     1   1   0   0   0   1   42                                          
 0738     1   1   0   0   0   1   42                                          
 0739     1   1   0   0   0   1   42                                          
 0740     1   1   0   0   0   1   42                                          
 0741     1   1   0   0   0   1   42                                          
 0742     1   1   0   0   0   1   42                                          
 0743     0   1   0   0   0   1   4F                                          
 0744     0   1   0   0   0   1   4F                                          
 0745     0   1   0   0   0   1   4F                                          
 0746     0   1   0   0   0   1   4F                                          
 0747     0   1   0   0   0   1   4F                                          
 0748     1   1   0   0   0   1   4F                                          
 0749     1   1   0   0   0   1   54                                          
 0750     0   1   0   0   0   1   20                                          
 0751     0   1   0   0   0   1   20                                          
 0752     0   1   0   0   0   1   20                                          
 0753     1   1   0   0   0   1   00                                          
 0754     0   1   0   0   0   1   02                                          
 0755     0   1   0   0   0   1   02                                          
 0756     0   1   0   0   0   1   02                                          
 0757     0   1   0   0   0   1   02                                          
 0758     0   1   0   0   0   1   02                                          
 0759     0   1   0   0   0   1   02                                          
 0760     0   1   0   0   0   1   02                                          
 0761     0   1   0   0   0   1   02                                          
 0762     0   1   0   0   0   1   02                                          
 0763     0   1   0   0   0   1   02                                          
 0764     0   1   0   0   0   1   02                                          
 0765     0   1   0   0   0   1   02                                          
 0766     0   1   0   0   0   1   02                                          
 0767     0   1   0   0   0   1   02                                          
 0768     0   1   0   0   0   1   02                                          
 0769     0   1   0   0   0   1   02                                          
 0770     0   1   0   0   0   1   02                                          
 0771     0   1   0   0   0   1   02                                          
 0772     0   1   0   0   0   1   02                                          
 0773     0   1   0   0   0   1   02                                          
 0774     0   1   0   0   0   1   02                                          
 0775     0   1   0   0   0   1   02                                          
 0776     0   1   0   0   0   1   02                                          
 0777     0   1   0   0   0   1   02                                          
 0778     0   1   0   0   0   1   02                                          
 0779     0   1   0   0   0   1   02                                          
 0780     0   1   0   0   0   1   02                                          
 0781     0   1   0   0   0   1   02                                          
 0782     0   1   0   0   0   1   02                                          
 0783     0   1   0   0   0   1   02                                          
 0784     0   1   0   0   0   1   02                                          
 0785     0   1   0   0   0   1   02                                          
 0786     0   1   0   0   0   1   02                                          
 0787     1   1   0   0   0   1   80                                          
 0788     1   1   0   0   0   1   80                                          
 0789     1   1   0   0   0   1   80                                          
 0790     1   1   0   0   0   1   80                                          
 0791     1   1   0   0   0   1   80                                          
 0792     0   1   0   0   0   1   00                                          
 0793     0   1   0   0   0   1   00                                          
 0794     0   1   0   0   0   1   00                                          
 0795     0   1   0   0   0   1   00                                          
 0796     0   1   0   0   0   1   00                                          
 0797     0   1   0   0   0   1   00                                          
 0798     0   1   0   0   0   1   00                                          
 0799     0   1   0   0   0   1   00                                          
 0800     0   1   0   0   0   1   00                                          
 0801     0   1   0   0   0   1   00                                          
 0802     0   1   0   0   0   1   00                                          
 0803     0   1   0   0   0   1   00                                          
 0804     0   1   0   0   0   1   00                                          
 0805     0   1   0   0   0   1   00                                          
 0806     0   1   0   0   0   1   00                                          
 0807     0   1   0   0   0   1   00                                          
 0808     0   1   0   0   0   1   00                                          
 0809     0   1   0   0   0   1   00                                          
 0810     0   1   0   0   0   1   00                                          
 0811     0   1   0   0   0   1   00                                          
 0812     0   1   0   0   0   1   00                                          
 0813     0   1   0   0   0   1   00                                          
 0814     0   1   0   0   0   1   00                                          
 0815     0   1   0   0   0   1   00                                          
 0816     0   1   0   0   0   1   00                                          
 0817     0   1   0   0   0   1   00                                          
 0818     0   1   0   0   0   1   00                                          
 0819     0   1   0   0   0   1   00                                          
 0820     0   1   0   0   0   1   00                                          
 0821     0   1   0   0   0   1   00                                          
 0822     0   1   0   0   0   1   00                                          
 0823     0   1   0   0   0   1   00                                          
 0824     0   1   0   0   0   1   00                                          
 0825     0   1   0   0   0   1   00                                          
 0826     0   1   0   0   0   1   00                                          
 0827     0   1   0   0   0   1   00                                          
 0828     0   1   0   0   0   1   00                                          
 0829     0   1   0   0   0   1   00                                          
 0830     0   1   0   0   0   1   00                                          
 0831     0   1   0   0   0   1   00                                          
 0832     0   1   0   0   0   1   00                                          
 0833     0   1   0   0   0   1   00                                          
 0834     0   1   0   0   0   1   00                                          
 0835     0   1   0   0   0   1   00                                          
 0836     0   1   0   0   0   1   00                                          
 0837     0   1   0   0   0   1   00                                          
 0838     0   1   0   0   0   1   00                                          
 0839     0   1   0   0   0   1   00                                          
 0840     0   1   0   0   0   1   00                                          
 0841     0   1   0   0   0   1   00                                          
 0842     0   1   0   0   0   1   00                                          
 0843     0   1   0   0   0   1   00                                          
 0844     0   1   0   0   0   1   00                                          
 0845     0   1   0   0   0   1   00                                          
 0846     1   1   0   0   0   1   35                                          
 0847     1   1   0   0   0   1   35                                          
 0848     1   1   0   0   0   1   35                                          
 0849     1   1   0   0   0   1   35                                          
 0850     1   1   0   0   0   1   35                                          
 0851     0   1   0   0   0   1   00                                          
 0852     0   1   0   0   0   1   00                                          
 0853     0   1   0   0   0   1   00                                          
 0854     0   1   0   0   0   1   00                                          
 0855     0   1   0   0   0   1   00                                          
 0856     0   1   0   0   0   1   00                                          
 0857     0   1   0   0   0   1   00                                          
 0858     0   1   0   0   0   1   00                                          
 0859     0   1   0   0   0   1   00                                          
 0860     0   1   0   0   0   1   00                                          
 0861     0   1   0   0   0   1   00                                          
 0862     0   1   0   0   0   1   00                                          
 0863     0   1   0   0   0   1   00                                          
 0864     0   1   0   0   0   1   00                                          
 0865     0   1   0   0   0   1   00                                          
 0866     0   1   0   0   0   1   00                                          
 0867     0   1   0   0   0   1   00                                          
 0868     0   1   0   0   0   1   00                                          
 0869     0   1   0   0   0   1   00                                          
 0870     0   1   0   0   0   1   00                                          
 0871     0   1   0   0   0   1   00                                          
 0872     0   1   0   0   0   1   00                                          
 0873     0   1   0   0   0   1   00                                          
 0874     0   1   0   0   0   1   00                                          
 0875     0   1   0   0   0   1   00                                          
 0876     0   1   0   0   0   1   00                                          
 0877     0   1   0   0   0   1   00                                          
 0878     0   1   0   0   0   1   00                                          
 0879     0   1   0   0   0   1   00                                          
 0880     0   1   0   0   0   1   00                                          
 0881     0   1   0   0   0   1   00                                          
 0882     0   1   0   0   0   1   00                                          
 0883     0   1   0   0   0   1   00                                          
 0884     0   1   0   0   0   1   00                                          
 0885     0   1   0   0   0   1   00                                          
 0886     0   1   0   0   0   1   00                                          
 0887     0   1   0   0   0   1   00                                          
 0888     0   1   0   0   0   1   00                                          
 0889     0   1   0   0   0   1   00                                          
 0890     0   1   0   0   0   1   00                                          
 0891     0   1   0   0   0   1   00                                          
 0892     0   1   0   0   0   1   00                                          
 0893     0   1   0   0   0   1   00                                          
 0894     0   1   0   0   0   1   00                                          
 0895     0   1   0   0   0   1   00                                          
 0896     0   1   0   0   0   1   00                                          
 0897     0   1   0   0   0   1   00                                          
 0898     0   1   0   0   0   1   00                                          
 0899     0   1   0   0   0   1   00                                          
 0900     0   1   0   0   0   1   00                                          
 0901     0   1   0   0   0   1   00                                          
 0902     0   1   0   0   0   1   00                                          
 0903     0   1   0   0   0   1   00                                          
 0904     0   1   0   0   0   1   00                                          
 0905     0   1   0   0   0   1   00                                          
 0906     0   1   0   0   0   1   00                                          
 0907     0   1   0   0   0   1   00                                          
 0908     0   1   0   0   0   1   00                                          
 0909     0   1   0   0   0   1   00                                          
 0910     0   1   0   0   0   1   00                                          
 0911     0   1   0   0   0   1   00                                          
 0912     0   1   0   0   0   1   00                                          
 0913     0   1   0   0   0   1   00                                          
 0914     0   1   0   0   0   1   00                                          
 0915     0   1   0   0   0   1   00                                          
 0916     0   1   0   0   0   1   00                                          
 0917     0   1   0   0   0   1   00                                          
 0918     0   1   0   0   0   1   00                                          
 0919     0   1   0   0   0   1   00                                          
 0920     0   1   0   0   0   1   00                                          
 0921     0   1   0   0   0   1   00                                          
 0922     0   1   0   0   0   1   00                                          
 0923     1   1   0   0   0   1   18                                          
 0924     1   1   0   0   0   1   18                                          
 0925     1   1   0   0   0   1   18                                          
 0926     1   1   0   0   0   1   18                                          
 0927     1   1   0   0   0   1   18                                          
 0928     0   1   0   0   0   1   00                                          
 0929     1   1   0   0   0   1   02                                          
 0930     1   1   0   0   0   1   0B                                          
 0931     1   1   0   0   0   1   0B                                          
 0932     1   1   0   0   0   1   FF                                          
 0933     0   1   0   0   0   1   00                                          
 0934     1   1   0   0   0   1   00                                          
 0935     0   1   0   0   0   1   00                                          
 0936     1   1   0   0   0   1   00                                          
 0937     1   1   0   0   0   1   00                                          
 0938     1   1   0   0   0   1   00                                          
 0939     1   1   0   0   0   1   4E                                          
 0940     0   1   0   0   0   1   24                                          
 0941     1   1   0   0   0   1   05                                          
 0942     0   1   0   0   0   1   48                                          
 0943     1   1   0   0   0   1   45                                          
 0944     1   1   0   0   0   1   4C                                          
 0945     1   1   0   0   0   1   4C                                          
 0946     1   1   0   0   0   1   71                                          
 0947     0   1   0   0   0   1   73                                          
 0948     1   1   0   0   0   1   7B                                          
 0949     0   1   0   0   0   1   00                                          
 0950     1   1   0   0   0   1   19                                          
 0951     1   1   0   0   0   1   4F                                          
 0952     1   1   0   0   0   1   4F                                          
 0953     1   1   0   0   0   1   54                                          
 0954     0   1   0   0   0   1   3A                                          
 0955     1   1   0   0   0   1   00                                          
 0956     0   1   0   0   0   1   43                                          
 0957     0   1   0   0   0   1   00                                          
 0958     1   1   0   0   0   1   00                                          
 0959     1   1   0   0   0   1   00                                          
 0960     1   1   0   0   0   1   52                                          
 0961     0   1   0   0   0   1   49                                          
 0962     1   1   0   0   0   1   4E                                          
 0963     0   1   0   0   0   1   54                                          
 0964     0   1   0   0   0   1   22                                          
 0965     1   1   0   0   0   1   48                                          
 0966     1   1   0   0   0   1   48                                          
 0967     1   1   0   0   0   1   4C                                          
 0968     0   1   0   0   0   1   4C                                          
 0969     1   1   0   0   0   1   4F                                          
 0970     0   1   0   0   0   1   22                                          
 0971     0   1   0   0   0   1   00                                          
 0972     1   1   0   0   0   1   09                                          
 0973     1   1   0   0   0   1   09                                          
 0974     1   1   0   0   0   1   09                                          
 0975     1   1   0   0   0   1   09                                          
 0976     1   1   0   0   0   1   09                                          
 0977     1   1   0   0   0   1   09                                          
 0978     1   1   0   0   0   1   09                                          
 0979     1   1   0   0   0   1   09                                          
 0980     1   1   0   0   0   1   09                                          
 0981     1   1   0   0   0   1   09                                          
 0982     1   1   0   0   0   1   09                                          
 0983     1   1   0   0   0   1   09                                          
 0984     1   1   0   0   0   1   09                                          
 0985     1   1   0   0   0   1   09                                          
 0986     1   1   0   0   0   1   09                                          
 0987     1   1   0   0   0   1   09                                          
 0988     1   1   0   0   0   1   09                                          
 0989     1   1   0   0   0   1   09                                          
 0990     1   1   0   0   0   1   09                                          
 0991     1   1   0   0   0   1   09                                          
 0992     1   1   0   0   0   1   09                                          
 0993     1   1   0   0   0   1   09                                          
 0994     1   1   0   0   0   1   09                                          
 0995     1   1   0   0   0   1   09                                          
 0996     1   1   0   0   0   1   09                                          
 0997     1   1   0   0   0   1   09                                          
 0998     1   1   0   0   0   1   09                                          
 0999     1   1   0   0   0   1   09                                          
 1000     1   1   0   0   0   1   09                                          
 1001     1   1   0   0   0   1   09                                          
 1002     1   1   0   0   0   1   09                                          
 1003     1   1   0   0   0   1   09                                          
 1004     1   1   0   0   0   1   09                                          
 1005     0   1   0   0   0   1   83                                          
 1006     0   1   0   0   0   1   83                                          
 1007     0   1   0   0   0   1   83                                          
 1008     0   1   0   0   0   1   83                                          
 1009     0   1   0   0   0   1   83                                          
 1010     1   1   0   0   0   1   42                                          
 1011     1   1   0   0   0   1   42                                          
 1012     1   1   0   0   0   1   42                                          
 1013     1   1   0   0   0   1   42                                          
 1014     1   1   0   0   0   1   42                                          
 1015     1   1   0   0   0   1   42                                          
 1016     1   1   0   0   0   1   42                                          
 1017     1   1   0   0   0   1   42                                          
 1018     1   1   0   0   0   1   42                                          
 1019     1   1   0   0   0   1   42                                          
 1020     1   1   0   0   0   1   42                                          
 1021     1   1   0   0   0   1   42                                          
 1022     1   1   0   0   0   1   42                                          
 1023     1   1   0   0   0   1   42                                          
 1024     1   1   0   0   0   1   42                                          
 1025     1   1   0   0   0   1   42                                          
 1026     1   1   0   0   0   1   42                                          
 1027     1   1   0   0   0   1   42                                          
 1028     1   1   0   0   0   1   42                                          
 1029     1   1   0   0   0   1   42                                          
 1030     1   1   0   0   0   1   42                                          
 1031     1   1   0   0   0   1   42                                          
 1032     1   1   0   0   0   1   42                                          
 1033     1   1   0   0   0   1   42                                          
 1034     1   1   0   0   0   1   42                                          
 1035     1   1   0   0   0   1   42                                          
 1036     1   1   0   0   0   1   42                                          
 1037     1   1   0   0   0   1   42                                          
 1038     1   1   0   0   0   1   42                                          
 1039     1   1   0   0   0   1   42                                          
 1040     1   1   0   0   0   1   42                                          
 1041     1   1   0   0   0   1   42                                          
 1042     1   1   0   0   0   1   42                                          
 1043     1   1   0   0   0   1   42                                          
 1044     1   1   0   0   0   1   42                                          
 1045     1   1   0   0   0   1   42                                          
 1046     1   1   0   0   0   1   42                                          
 1047     1   1   0   0   0   1   42                                          
 1048     1   1   0   0   0   1   42                                          
 1049     1 