 STATE LISTING OF AQU MEM  
  POS     CLK PGM SS  SMR SOE VCCSDATA     
 0000 T   0   1   0   0   0   1   7A                                          
 0001     0   1   0   0   0   1   7A                                          
 0002     0   1   0   0   0   1   7A                                          
 0003     0   1   0   0   0   1   7A                                          
 0004     0   1   0   0   0   1   7A                                          
 0005     0   1   0   0   0   1   7A                                          
 0006     0   1   0   0   0   1   7A                                          
 0007     0   1   0   0   0   1   7A                                          
 0008     0   1   0   0   0   1   7A                                          
 0009     0   1   0   0   0   1   7A                                          
 0010     0   1   0   0   0   1   7A                                          
 0011     0   1   0   0   0   1   7A                                          
 0012     0   1   0   0   0   1   7A                                          
 0013     0   1   0   0   0   1   7A                                          
 0014     0   1   0   0   0   1   7A                                          
 0015     0   1   0   0   0   1   7A                                          
 0016     0   1   0   0   0   1   7A                                          
 0017     0   1   0   0   0   1   7A                                          
 0018     0   1   0   0   0   1   7A                                          
 0019     0   1   0   0   0   1   7A                                          
 0020     0   1   0   0   0   1   7A                                          
 0021     0   1   0   0   0   1   7A                                          
 0022     0   1   0   0   0   1   7A                                          
 0023     0   1   0   0   0   1   7A                                          
 0024     0   1   0   0   0   1   7A                                          
 0025     0   1   0   0   0   1   7A                                          
 0026     0   1   0   0   0   1   7A                                          
 0027     0   1   0   0   0   1   7A                                          
 0028     0   1   0   0   0   1   7A                                          
 0029     0   1   0   0   0   1   7A                                          
 0030     0   1   0   0   0   1   7A                                          
 0031     0   1   0   0   0   1   7A                                          
 0032     0   1   0   0   0   1   7A                                          
 0033     0   1   0   0   0   1   7A                                          
 0034     0   1   0   0   0   1   7A                                          
 0035     0   1   0   0   0   1   7A                                          
 0036     0   1   0   0   0   1   7A                                          
 0037     0   1   0   0   0   1   7A                                          
 0038     0   1   0   0   0   1   7A                                          
 0039     0   1   0   0   0   1   7A                                          
 0040     0   1   0   0   0   1   7A                                          
 0041     0   1   0   0   0   1   7A                                          
 0042     0   1   0   0   0   1   7A                                          
 0043     0   1   0   0   0   1   7A                                          
 0044     0   1   0   0   0   1   7A                                          
 0045     0   1   0   0   0   1   7A                                          
 0046     0   1   0   0   0   1   7A                                          
 0047     0   1   0   0   0   1   7A                                          
 0048     0   1   0   0   0   1   7A                                          
 0049     0   1   0   0   0   1   7A                                          
 0050     0   1   0   0   0   1   7A                                          
 0051     0   1   0   0   0   1   7A                                          
 0052     0   1   0   0   0   1   7A                                          
 0053     0   1   0   0   0   1   7A                                          
 0054     0   1   0   0   0   1   7A                                          
 0055     0   1   0   0   0   1   7A                                          
 0056     0   1   0   0   0   1   7A                                          
 0057     0   1   0   0   0   1   7A                                          
 0058     0   1   0   0   0   1   7A                                          
 0059     0   1   0   0   0   1   7A                                          
 0060     0   1   0   0   0   1   7A                                          
 0061     0   1   0   0   0   1   7A                                          
 0062     0   1   0   0   0   1   7A                                          
 0063     0   1   1   0   0   1   7A                                          
 0064     0   1   1   0   0   1   7A                                          
 0065     0   1   1   0   0   1   7A                                          
 0066     0   1   1   0   0   1   4A                                          
 0067     0   1   1   0   0   1   0A                                          
 0068     0   1   1   0   0   1   00                                          
 0069     0   1   1   1   1   1   00                                          
 0070     0   1   1   1   1   1   00                                          
 0071     0   1   1   1   1   1   00                                          
 0072     0   1   1   1   1   1   00                                          
 0073     0   1   1   1   1   1   00                                          
 0074     0   1   1   1   1   1   00                                          
 0075     0   1   1   1   1   1   00                                          
 0076     0   1   1   1   1   1   00                                          
 0077     0   1   1   1   1   1   00                                          
 0078     0   1   1   1   1   1   00                                          
 0079     0   1   1   1   1   1   00                                          
 0080     0   1   1   1   1   1   00                                          
 0081     0   1   1   1   1   1   00                                          
 0082     0   1   1   1   1   1   00                                          
 0083     0   1   1   1   1   1   00                                          
 0084     0   1   1   1   1   1   00                                          
 0085     0   1   1   1   1   1   00                                          
 0086     0   1   1   1   1   1   00                                          
 0087     0   1   1   1   1   1   00                                          
 0088     0   1   1   1   1   1   00                                          
 0089     0   1   1   1   1   1   00                                          
 0090     0   1   1   1   1   1   00                                          
 0091     0   1   1   1   1   1   00                                          
 0092     0   1   1   1   1   1   00                                          
 0093     0   1   1   1   1   1   00                                          
 0094     0   1   0   1   1   1   00                                          
 0095     0   1   0   1   1   1   00                                          
 0096     0   1   0   1   1   1   00                                          
 0097     0   1   0   1   1   1   00                                          
 0098     0   1   0   1   1   1   00                                          
 0099     0   1   0   1   1   1   00                                          
 0100     0   1   0   1   1   1   00                                          
 0101     0   1   0   1   1   1   00                                          
 0102     0   1   0   1   1   1   00                                          
 0103     0   1   0   1   1   1   00                                          
 0104     0   1   0   1   1   1   00                                          
 0105     0   1   0   1   1   1   00                                          
 0106     0   1   0   1   1   1   00                                          
 0107     0   1   1   1   1   1   00                                          
 0108     0   1   1   1   1   1   00                                          
 0109     0   1   1   1   1   1   00                                          
 0110     0   1   1   1   1   1   00                                          
 0111     0   1   1   1   1   1   00                                          
 0112     0   1   1   1   1   1   00                                          
 0113     0   1   1   1   1   1   00                                          
 0114     0   1   1   1   1   1   00                                          
 0115     0   1   1   1   1   1   00                                          
 0116     0   1   1   1   1   1   00                                          
 0117     0   1   1   1   1   1   00                                          
 0118     0   1   1   1   1   1   00                                          
 0119     0   1   1   1   0   1   00                                          
 0120     0   1   1   1   0   1   00                                          
 0121     0   1   1   1   0   1   00                                          
 0122     0   1   1   1   0   1   00                                          
 0123     0   1   1   1   0   1   00                                          
 0124     0   1   1   1   0   1   00                                          
 0125     0   1   1   1   0   1   00                                          
 0126     0   1   1   1   0   1   00                                          
 0127     0   1   1   1   0   1   00                                          
 0128     0   1   1   1   0   1   00                                          
 0129     0   1   1   1   0   1   00                                          
 0130     0   1   0   1   0   1   7A                                          
 0131     0   1   0   1   0   1   7A                                          
 0132     0   1   0   1   0   1   7A                                          
 0133     0   1   0   1   0   1   7A                                          
 0134     0   1   0   1   0   1   7A                                          
 0135     0   1   0   1   0   1   7A                                          
 0136     0   1   0   1   0   1   7A                                          
 0137     0   1   0   1   0   1   7A                                          
 0138     0   1   0   1   0   1   7A                                          
 0139     0   1   0   1   0   1   7A                                          
 0140     0   1   1   1   0   1   7A                                          
 0141     0   1   1   1   0   1   7A                                          
 0142     0   1   1   1   0   1   7A                                          
 0143     0   1   1   1   0   1   5A                                          
 0144     0   1   1   1   0   1   0A                                          
 0145     0   1   1   1   0   1   02                                          
 0146     0   1   1   1   0   1   00                                          
 0147     0   1   1   1   0   1   00                                          
 0148     0   1   1   1   0   1   00                                          
 0149     0   1   1   1   0   1   00                                          
 0150     0   1   1   0   0   1   00                                          
 0151     0   1   1   0   0   1   00                                          
 0152     0   1   1   0   0   1   00                                          
 0153     0   1   1   0   0   1   00                                          
 0154     0   1   1   0   0   1   00                                          
 0155     0   1   0   0   0   1   7A                                          
 0156     0   1   0   0   0   1   7A                                          
 0157     0   1   0   0   0   1   7A                                          
 0158     0   1   0   0   0   1   7A                                          
 0159     0   1   0   0   0   1   7A                                          
 0160     0   1   0   0   0   1   7A                                          
 0161     0   1   0   0   0   1   7A                                          
 0162     0   1   0   0   0   1   7A                                          
 0163     0   1   0   0   0   1   7A                                          
 0164     0   1   0   0   0   1   7A                                          
 0165     0   1   0   0   0   1   7A                                          
 0166     0   1   0   0   0   1   7A                                          
 0167     0   1   0   0   0   1   7A                                          
 0168     0   1   0   0   0   1   7A                                          
 0169     0   1   0   0   0   1   7A                                          
 0170     0   1   0   0   0   1   7A                                          
 0171     0   1   0   0   0   1   7A                                          
 0172     0   1   0   0   0   1   7A                                          
 0173     0   1   0   0   0   1   7A                                          
 0174     0   1   0   0   0   1   7A                                          
 0175     0   1   0   0   0   1   7A                                          
 0176     0   1   0   0   0   1   7A                                          
 0177     0   1   0   0   0   1   7A                                          
 0178     0   1   0   0   0   1   7A                                          
 0179     0   1   0   0   0   1   7A                                          
 0180     0   1   0   0   0   1   7A                                          
 0181     0   1   0   0   0   1   7A                                          
 0182     0   1   0   0   0   1   7A                                          
 0183     0   1   0   0   0   1   7A                                          
 0184     0   1   0   0   0   1   7A                                          
 0185     0   1   0   0   0   1   7A                                          
 0186     0   1   0   0   0   1   7A                                          
 0187     0   1   0   0   0   1   7A                                          
 0188     0   1   0   0   0   1   7A                                          
 0189     0   1   0   0   0   1   7A                                          
 0190     0   1   0   0   0   1   7A                                          
 0191     0   1   0   0   0   1   7A                                          
 0192     0   1   0   0   0   1   7A                                          
 0193     0   1   0   0   0   1   7A                                          
 0194     0   1   0   0   0   1   7A                                          
 0195     0   1   0   0   0   1   7A                                          
 0196     0   1   0   0   0   1   7A                                          
 0197     0   1   0   0   0   1   7A     STATE LISTING OF AQU MEM  
  POS     CLK PGM SS  SMR SOE VCCSDATA     
 0000 T   0   1   0   0   0   1   7A                                          
 0001     0   1   0   0   0   1   7A                                          
 0002     0   1   0   0   0   1   7A                                          
 0003     0   1   0   0   0   1   7A                                          
 0004     0   1   0   0   0   1   7A                                          
 0005     0   1   0   0   0   1   7A                                          
 0006     0   1   0   0   0   1   7A                                          
 0007     0   1   0   0   0   1   7A                                          
 0008     0   1   0   0   0   1   7A                                          
 0009     0   1   0   0   0   1   7A                                          
 0010     0   1   0   0   0   1   7A                                          
 0011     0   1   0   0   0   1   7A                                          
 0012     0   1   0   0   0   1   7A                                          
 0013     0   1   1   0   0   1   7A                                          
 0014     0   1   1   1   1   1   00                                          
 0015     0   1   1   1   1   1   00                                          
 0016     0   1   1   1   1   1   00                                          
 0017     0   1   1   1   1   1   00                                          
 0018     0   1   1   1   1   1   00                                          
 0019     0   1   0   1   1   1   00                                          
 0020     0   1   0   1   1   1   00                                          
 0021     0   1   0   1   1   1   00                                          
 0022     0   1   1   1   1   1   00                                          
 0023     0   1   1   1   1   1   00                                          
 0024     0   1   1   1   0   1   00                                          
 0025     0   1   1   1   0   1   00                                          
 0026     0   1   0   1   0   1   00                                          
 0027     0   1   0   1   0   1   7A                                          
 0028     0   1   1   1   0   1   7A                                          
 0029     0   1   1   1   0   1   02                                          
 0030     0   1   1   0   0   1   00                                          
 0031     0   1   0   0   0   1   FF                                          
 0032     0   1   0   0   0   1   7A                                          
 0033     0   1   0   0   0   1   7A                                          
 0034     0   1   0   0   0   1   7A                                          
 0035     0   1   0   0   0   1   7A                                          
 0036     0   1   0   0   0   1   7A                                          
 0037     0   1   0   0   0   1   7A                                          
 0038     0   1   0   0   0   1   7A                                          
 0039     0   1   0   0   0   1   7A                                          
 0040     0   1   0   0   0   1   7A                                          
 0041     0   1   0   0   0   1   7A                                          
 0042     0   1   0   0   0   1   7A                                          
 0043     0   1   0   0   0   1   7A                                          
 0044     0   1   0   0   0   1   7A                                          
 0045     0   1   0   0   0   1   7A                                          
 0046     0   1   0   0   0   1   7A                                          
 0047     0   1   0   0   0   1   7A                                          
 0048     0   1   0   0   0   1   7A                                          
 0049     0   1   0   0   0   1   7A                                          
 0050     0   1   0   0   0   1   7A                                          
 0051     0   1   0   0   0   1   7A                                          
 0052     0   1   0   0   0   1   7A                                          
 0053     0   1   0   0   0   1   7A                                          
 0054     0   1   0   0   0   1   7A                                          
 0055     0   1   0   0   0   1   7A                                          
 0056     0   1   0   0   0   1   7A                                          
 0057     0   1   0   0   0   1   7A                                          
 0058     0   1   0   0   0   1   7A                                          
 0059     0   1   0   0   0   1   7A                                          
 0060     0   1   0   0   0   1   7A                                          
 0061     0   1   0   0   0   1   7A                                          
 0062     0   1   0   0   0   1   7A                                          
 0063     0   1   0   0   0   1   7A                                          
 0064     0   1   0   0   0   1   7A                                          
 0065     0   1   0   0   0   1   7A                                          
 0066     0   1   0   0   0   1   7A                                          
 0067     0   1   0   0   0   1   7A                                          
 0068     0   1   0   0   0   1   7A                                          
 0069     0   1   0   0   0   1   7A                                          
 0070     0   1   0   0   0   1   7A                                          
 0071     0   1   0   0   0   1   7A                                          
 0072     0   1   0   0   0   1   7A                                          
 0073     0   1   0   0   0   1   7A                                          
 0074     1   1   0   0   0   1   02                                          
 0075     1   1   0   0   0   1   02                                          
 0076     1   1   0   0   0   1   02                                          
 0077     1   1   0   0   0   1   02                                          
 0078     1   1   0   0   0   1   02                                          
 0079     0   1   0   0   0   1   58                                          
 0080     0   1   0   0   0   1   58                                          
 0081     0   1   0   0   0   1   58                                          
 0082     0   1   0   0   0   1   58                                          
 0083     0   1   0   0   0   1   58                                          
 0084     0   1   0   0   0   1   58                                          
 0085     0   1   0   0   0   1   58                                          
 0086     0   1   0   0   0   1   58                                          
 0087     0   1   0   0   0   1   58                                          
 0088     0   1   0   0   0   1   58                                          
 0089     0   1   0   0   0   1   58                                          
 0090     0   1   0   0   0   1   58                                          
 0091     0   1   0   0   0   1   58                                          
 0092     0   1   0   0   0   1   58                                          
 0093     0   1   0   0   0   1   58                                          
 0094     0   1   0   0   0   1   58                                          
 0095     0   1   0   0   0   1   58                                          
 0096     0   1   0   0   0   1   58                                          
 0097     0   1   0   0   0   1   58                                          
 0098     0   1   0   0   0   1   58                                          
 0099     0   1   0   0   0   1   58                                          
 0100     0   1   0   0   0   1   58                                          
 0101     0   1   0   0   0   1   58                                          
 0102     0   1   0   0   0   1   58                                          
 0103     0   1   0   0   0   1   58                                          
 0104     0   1   0   0   0   1   58                                          
 0105     0   1   0   0   0   1   58                                          
 0106     0   1   0   0   0   1   58                                          
 0107     0   1   0   0   0   1   58                                          
 0108     0   1   0   0   0   1   58                                          
 0109     0   1   0   0   0   1   58                                          
 0110     0   1   0   0   0   1   58                                          
 0111     0   1   0   0   0   1   58                                          
 0112     0   1   0   0   0   1   58                                          
 0113     0   1   0   0   0   1   58                                          
 0114     1   1   0   0   0   1   00                                          
 0115     1   1   0   0   0   1   00                                          
 0116     1   1   0   0   0   1   00                                          
 0117     1   1   0   0   0   1   00                                          
 0118     1   1   0   0   0   1   00                                          
 0119     1   1   0   0   0   1   00                                          
 0120     1   1   0   0   0   1   00                                          
 0121     1   1   0   0   0   1   00                                          
 0122     1   1   0   0   0   1   00                                          
 0123     1   1   0   0   0   1   00                                          
 0124     1   1   0   0   0   1   00                                          
 0125     1   1   0   0   0   1   00                                          
 0126     1   1   0   0   0   1   00                                          
 0127     1   1   0   0   0   1   00                                          
 0128     1   1   0   0   0   1   00                                          
 0129     1   1   0   0   0   1   00                                          
 0130     1   1   0   0   0   1   00                                          
 0131     1   1   0   0   0   1   00                                          
 0132     1   1   0   0   0   1   00                                          
 0133     1   1   0   0   0   1   00                                          
 0134     1   1   0   0   0   1   00                                          
 0135     1   1   0   0   0   1   00                                          
 0136     1   1   0   0   0   1   00                                          
 0137     1   1   0   0   0   1   00                                          
 0138     1   1   0   0   0   1   00                                          
 0139     1   1   0   0   0   1   00                                          
 0140     1   1   0   0   0   1   00                                          
 0141     1   1   0   0   0   1   00                                          
 0142     1   1   0   0   0   1   00                                          
 0143     1   1   0   0   0   1   00                                          
 0144     1   1   0   0   0   1   00                                          
 0145     1   1   0   0   0   1   00                                          
 0146     0   1   0   0   0   1   00                                          
 0147     0   1   0   0   0   1   00                                          
 0148     0   1   0   0   0   1   00                                          
 0149     0   1   0   0   0   1   00                                          
 0150     0   1   0   0   0   1   00                                          
 0151     0   1   0   0   0   1   00                                          
 0152     0   1   0   0   0   1   00                                          
 0153     0   1   0   0   0   1   00                                          
 0154     0   1   0   0   0   1   00                                          
 0155     0   1   0   0   0   1   00                                          
 0156     0   1   0   0   0   1   00                                          
 0157     0   1   0   0   0   1   00                                          
 0158     0   1   0   0   0   1   00                                          
 0159     0   1   0   0   0   1   00                                          
 0160     0   1   0   0   0   1   00                                          
 0161     0   1   0   0   0   1   00                                          
 0162     0   1   0   0   0   1   00                                          
 0163     0   1   0   0   0   1   00                                          
 0164     0   1   0   0   0   1   00                                          
 0165     0   1   0   0   0   1   00                                          
 0166     0   1   0   0   0   1   00                                          
 0167     0   1   0   0   0   1   00                                          
 0168     0   1   0   0   0   1   00                                          
 0169     0   1   0   0   0   1   00                                          
 0170     0   1   0   0   0   1   00                                          
 0171     0   1   0   0   0   1   00                                          
 0172     0   1   0   0   0   1   00                                          
 0173     0   1   0   0   0   1   00                                          
 0174     0   1   0   0   0   1   00                                          
 0175     0   1   0   0   0   1   00                                          
 0176     0   1   0   0   0   1   00                                          
 0177     0   1   0   0   0   1   00                                          
 0178     1   1   0   0   0   1   00                                          
 0179     1   1   0   0   0   1   00                                          
 0180     1   1   0   0   0   1   00                                          
 0181     1   1   0   0   0   1   00                                          
 0182     1   1   0   0   0   1   00                                          
 0183     1   1   0   0   0   1   00                                          
 0184     1   1   0   0   0   1   00                                          
 0185     1   1   0   0   0   1   00                                          
 0186     1   1   0   0   0   1   00                                          
 0187     1   1   0   0   0   1   00                                          
 0188     1   1   0   0   0   1   00                                          
 0189     1   1   0   0   0   1   00                                          
 0190     1   1   0   0   0   1   00                                          
 0191     1   1   0   0   0   1   00                                          
 0192     1   1   0   0   0   1   00                                          
 0193     1   1   0   0   0   1   00                                          
 0194     1   1   0   0   0   1   00                                          
 0195     1   1   0   0   0   1   00                                          
 0196     1   1   0   0   0   1   00                                          
 0197     1   1   0   0   0   1   00                                          
 0198     1   1   0   0   0   1   00                                          
 0199     1   1   0   0   0   1   00                                          
 0200     1   1   0   0   0   1   00                                          
 0201     1   1   0   0   0   1   00                                          
 0202     1   1   0   0   0   1   00                                          
 0203     1   1   0   0   0   1   00                                          
 0204     1   1   0   0   0   1   00                                          
 0205     1   1   0   0   0   1   00                                          
 0206     1   1   0   0   0   1   00                                          
 0207     1   1   0   0   0   1   00                                          
 0208     1   1   0   0   0   1   00                                          
 0209     1   1   0   0   0   1   00                                          
 0210     0   1   0   0   0   1   B2                                          
 0211     0   1   0   0   0   1   B2                                          
 0212     0   1   0   0   0   1   B2                                          
 0213     0   1   0   0   0   1   B2                                          
 0214     0   1   0   0   0   1   B2                                          
 0215     0   1   0   0   0   1   B2                                          
 0216     0   1   0   0   0   1   B2                                          
 0217     0   1   0   0   0   1   B2                                          
 0218     0   1   0   0   0   1   B2                                          
 0219     0   1   0   0   0   1   B2                                          
 0220     0   1   0   0   0   1   B2                                          
 0221     0   1   0   0   0   1   B2                                          
 0222     0   1   0   0   0   1   B2                                          
 0223     0   1   0   0   0   1   B2                                          
 0224     0   1   0   0   0   1   B2                                          
 0225     0   1   0   0   0   1   B2                                          
 0226     0   1   0   0   0   1   B2                                          
 0227     0   1   0   0   0   1   B2                                          
 0228     0   1   0   0   0   1   B2                                          
 0229     0   1   0   0   0   1   B2                                          
 0230     0   1   0   0   0   1   B2                                          
 0231     0   1   0   0   0   1   B2                                          
 0232     0   1   0   0   0   1   B2                                          
 0233     0   1   0   0   0   1   B2                                          
 0234     0   1   0   0   0   1   B2                                          
 0235     0   1   0   0   0   1   B2                                          
 0236     0   1   0   0   0   1   B2                                          
 0237     0   1   0   0   0   1   B2                                          
 0238     0   1   0   0   0   1   B2                                          
 0239     0   1   0   0   0   1   B2                                          
 0240     0   1   0   0   0   1   B2                                          
 0241     0   1   0   0   0   1   B2                                          
 0242     1   1   0   0   0   1   A8                                          
 0243     1   1   0   0   0   1   A8                                          
 0244     1   1   0   0   0   1   A8                                          
 0245     1   1   0   0   0   1   A8                                          
 0246     1   1   0   0   0   1   A8                                          
 0247     1   1   0   0   0   1   A8                                          
 0248     1   1   0   0   0   1   A8                                          
 0249     1   1   0   0   0   1   A8                                          
 0250     1   1   0   0   0   1   A8                                          
 0251     1   1   0   0   0   1   A8                                          
 0252     1   1   0   0   0   1   A8                                          
 0253     1   1   0   0   0   1   A8                                          
 0254     1   1   0   0   0   1   A8                                          
 0255     1   1   0   0   0   1   A8                                          
 0256     1   1   0   0   0   1   A8                                          
 0257     1   1   0   0   0   1   A8                                          
 0258     1   1   0   0   0   1   A8                                          
 0259     1   1   0   0   0   1   A8                                          
 0260     1   1   0   0   0   1   A8                                          
 0261     1   1   0   0   0   1   A8                                          
 0262     1   1   0   0   0   1   A8                                          
 0263     1   1   0   0   0   1   A8                                          
 0264     1   1   0   0   0   1   A8                                          
 0265     1   1   0   0   0   1   A8                                          
 0266     1   1   0   0   0   1   A8                                          
 0267     1   1   0   0   0   1   A8                                          
 0268     1   1   0   0   0   1   A8                                          
 0269     1   1   0   0   0   1   A8                                          
 0270     1   1   0   0   0   1   A8                                          
 0271     1   1   0   0   0   1   A8                                          
 0272     1   1   0   0   0   1   A8                                          
 0273     1   1   0   0   0   1   A8                                          
 0274     0   1   0   0   0   1   84                                          
 0275     0   1   0   0   0   1   84                                          
 0276     0   1   0   0   0   1   84                                          
 0277     0   1   0   0   0   1   84                                          
 0278     0   1   0   0   0   1   84                                          
 0279     0   1   0   0   0   1   84                                          
 0280     0   1   0   0   0   1   84                                          
 0281     0   1   0   0   0   1   84                                          
 0282     0   1   0   0   0   1   84                                          
 0283     0   1   0   0   0   1   84                                          
 0284     0   1   0   0   0   1   84                                          
 0285     0   1   0   0   0   1   84                                          
 0286     0   1   0   0   0   1   84                                          
 0287     0   1   0   0   0   1   84                                          
 0288     0   1   0   0   0   1   84                                          
 0289     0   1   0   0   0   1   84                                          
 0290     0   1   0   0   0   1   84                                          
 0291     0   1   0   0   0   1   84                                          
 0292     0   1   0   0   0   1   84                                          
 0293     0   1   0   0   0   1   84                                          
 0294     0   1   0   0   0   1   84                                          
 0295     0   1   0   0   0   1   84                                          
 0296     0   1   0   0   0   1   84                                          
 0297     0   1   0   0   0   1   84                                          
 0298     0   1   0   0   0   1   84                                          
 0299     0   1   0   0   0   1   84                                          
 0300     0   1   0   0   0   1   84                                          
 0301     0   1   0   0   0   1   84                                          
 0302     0   1   0   0   0   1   84                                          
 0303     0   1   0   0   0   1   84                                          
 0304     0   1   0   0   0   1   84                                          
 0305     1   1   0   0   0   1   AA                                          
 0306     1   1   0   0   0   1   AA                                          
 0307     1   1   0   0   0   1   AA                                          
 0308     1   1   0   0   0   1   AA                                          
 0309     1   1   0   0   0   1   AA                                          
 0310     1   1   0   0   0   1   AA                                          
 0311     1   1   0   0   0   1   AA                                          
 0312     1   1   0   0   0   1   AA                                          
 0313     1   1   0   0   0   1   AA                                          
 0314     1   1   0   0   0   1   AA                                          
 0315     1   1   0   0   0   1   AA                                          
 0316     1   1   0   0   0   1   AA                                          
 0317     1   1   0   0   0   1   AA                                          
 0318     1   1   0   0   0   1   AA                                          
 0319     1   1   0   0   0   1   AA                                          
 0320     1   1   0   0   0   1   AA                                          
 0321     1   1   0   0   0   1   AA                                          
 0322     1   1   0   0   0   1   AA                                          
 0323     1   1   0   0   0   1   AA                                          
 0324     1   1   0   0   0   1   AA                                          
 0325     1   1   0   0   0   1   AA                                          
 0326     1   1   0   0   0   1   AA                                          
 0327     1   1   0   0   0   1   AA                                          
 0328     1   1   0   0   0   1   AA                                          
 0329     1   1   0   0   0   1   AA                                          
 0330     1   1   0   0   0   1   AA                                          
 0331     1   1   0   0   0   1   AA                                          
 0332     1   1   0   0   0   1   AA                                          
 0333     1   1   0   0   0   1   AA                                          
 0334     1   1   0   0   0   1   AA                                          
 0335     1   1   0   0   0   1   AA                                          
 0336     1   1   0   0   0   1   AA                                          
 0337     0   1   0   0   0   1   09                                          
 0338     0   1   0   0   0   1   09                                          
 0339     0   1   0   0   0   1   09                                          
 0340     0   1   0   0   0   1   09                                          
 0341     0   1   0   0   0   1   09                                          
 0342     0   1   0   0   0   1   09                                          
 0343     0   1   0   0   0   1   09                                          
 0344     0   1   0   0   0   1   09                                          
 0345     0   1   0   0   0   1   09                                          
 0346     0   1   0   0   0   1   09                                          
 0347     0   1   0   0   0   1   09                                          
 0348     0   1   0   0   0   1   09                                          
 0349     0   1   0   0   0   1   09                                          
 0350     0   1   0   0   0   1   09                                          
 0351     0   1   0   0   0   1   09                                          
 0352     0   1   0   0   0   1   09                                          
 0353     0   1   0   0   0   1   09                                          
 0354     0   1   1   0   0   1   09                                          
 0355     0   1   1   1   1   1   00                                          
 0356     0   1   1   1   1   1   00                                          
 0357     0   1   1   1   1   1   00                                          
 0358     0   1   1   1   1   1   00                                          
 0359     0   1   1   1   1   1   00                                          
 0360     0   1   0   1   1   1   00                                          
 0361     0   1   0   1   1   1   00                                          
 0362     0   1   0   1   1   1   00                                          
 0363     0   1   1   1   1   1   00                                          
 0364     0   1   1   1   1   1   00                                          
 0365     0   1   1   1   0   1   00                                          
 0366     0   1   1   1   0   1   00                                          
 0367     0   1   0   1   0   1   7A                                          
 0368     0   1   0   1   0   1   7A                                          
 0369     0   1   1   1   0   1   7A                                          
 0370     0   1   1   1   0   1   00                                          
 0371     0   1   1   0   0   1   00                                          
 0372     0   1   0   0   0   1   7A                                          
 0373     0   1   0   0   0   1   7A                                          
 0374     0   1   0   0   0   1   7A                                          
 0375     0   1   0   0   0   1   7A                                          
 0376     0   1   0   0   0   1   7A                                          
 0377     0   1   0   0   0   1   7A                                          
 0378     0   1   0   0   0   1   7A                                          
 0379     0   1   0   0   0   1   7A                                          
 0380     0   1   0   0   0   1   7A                                          
 0381     0   1   0   0   0   1   7A                                          
 0382     0   1   0   0   0   1   7A                                          
 0383     0   1   0   0   0   1   7A                                          
 0384     0   1   0   0   0   1   7A                                          
 0385     0   1   0   0   0   1   7A                                          
 0386     0   1   0   0   0   1   7A                                          
 0387     0   1   0   0   0   1   7A                                          
 0388     0   1   0   0   0   1   7A                                          
 0389     0   1   0   0   0   1   7A                                          
 0390     0   1   0   0   0   1   7A                                          
 0391     0   1   0   0   0   1   7A                                          
 0392     0   1   0   0   0   1   7A                                          
 0393     0   1   0   0   0   1   7A                                          
 0394     0   1   0   0   0   1   7A                                          
 0395     0   1   0   0   0   1   7A                                          
 0396     0   1   0   0   0   1   7A                                          
 0397     0   1   0   0   0   1   7A                                          
 0398     0   1   0   0   0   1   7A                                          
 0399     0   1   0   0   0   1   7A                                          
 0400     0   1   0   0   0   1   7A                                          
 0401     0   1   0   0   0   1   7A                                          
 0402     0   1   0   0   0   1   7A                                          
 0403     0   1   0   0   0   1   7A                                          
 0404     0   1   0   0   0   1   7A                                          
 0405     0   1   0   0   0   1   7A                                          
 0406     0   1   0   0   0   1   7A                                          
 0407     0   1   0   0   0   1   7A                                          
 0408     0   1   0   0   0   1   7A                                          
 0409     0   1   0   0   0   1   7A                                          
 0410     0   1   0   0   0   1   7A                                          
 0411     0   1   0   0   0   1   7A                                          
 0412     0   1   0   0   0   1   7A                                          
 0413     0   1   0   0   0   1   7A                                          
 0414     0   1   0   0   0   1   7A                                          
 0415     0   1   0   0   0   1   7A                                          
 0416     0   1   0   0   0   1   7A                                          
 0417     0   1   0   0   0   1   7A                                          
 0418     0   1   0   0   0   1   7A                                          
 0419     0   1   0   0   0   1   7A                                          
 0420     0   1   0   0   0   1   7A                                          
 0421     0   1   0   0   0   1   7A                                          
 0422     0   1   0   0   0   1   7A                                          
 0423     0   1   0   0   0   1   7A                                          
 0424     0   1   0   0   0   1   7A                                          
 0425     0   1   0   0   0   1   7A                                          
 0426     0   1   0   0   0   1   7A                                          
 0427     0   1   0   0   0   1   7A                                          
 0428     0   1   0   0   0   1   7A                                          
 0429     0   1   0   0   0   1   7A                                          
 0430     0   1   1   0   0   1   0A                                          
 0431     0   1   1   0   0   1   00                                          
 0432     0   1   1   0   0   1   00                                          
 0433     0   1   1   0   0   1   00                                          
 0434     0   1   1   0   0   1   00                                          
 0435     0   1   1   0   0   1   00                                          
 0436     0   1   1   0   0   1   00                                          
 0437     0   1   1   0   0   1   00                                          
 0438     0   1   1   0   0   1   00                                          
 0439     0   1   1   0   0   1   00                                          
 0440     0   1   1   0   0   1   00                                          
 0441     0   1   1   0   0   1   00                                          
 0442     0   1   1   0   0   1   00                                          
 0443     0   1   1   0   0   1   00                                          
 0444     0   1   1   0   0   1   00                                          
 0445     0   1   1   0   0   1   00                                          
 0446     0   1   1   0   0   1   00                                          
 0447     0   1   1   0   0   1   00                                          
 0448     0   1   1   0   0   1   00                                          
 0449     0   1   1   0   0   1   00                                          
 0450     0   1   1   0   0   1   00                                          
 0451     0   1   1   0   0   1   00                                          
 0452     0   1   1   0   0   1   00                                          
 0453     0   1   1   0   0   1   00                                          
 0454     0   1   1   0   0   1   00                                          
 0455     0   1   1   1   1   1   00                                          
 0456     0   1   1   1   1   1   00                                          
 0457     0   1   1   1   1   1   00                                          
 0458     0   1   1   1   1   1   00                                          
 0459     0   1   1   1   1   1   00                                          
 0460     0   1   1   1   1   1   00                                          
 0461     0   1   1   1   1   1   00                                          
 0462     0   1   1   1   1   1   00                                          
 0463     0   1   1   1   1   1   00                                          
 0464     0   1   1   1   1   1   00                                          
 0465     0   1   1   1   0   1   00                                          
 0466     0   1   1   1   0   1   00                                          
 0467     0   1   1   1   0   1   00                                          
 0468     0   1   1   1   0   1   00                                          
 0469     0   1   1   1   0   1   00                                          
 0470     0   1   1   1   0   1   00                                          
 0471     0   1   1   0   0   1   00                                          
 0472     0   1   1   0   0   1   00                                          
 0473     0   1   1   0   0   1   00                                          
 0474     0   1   1   0   0   1   00                                          
 0475     0   1   1   0   0   1   00                                          
 0476     0   1   1   0   0   1   00                                          
 0477     0   1   1   0   0   1   00                                          
 0478     0   1   1   0   0   1   00                                          
 0479     0   1   1   0   0   1   00                                          
 0480     0   1   1   0   0   1   00                                          
 0481     0   1   1   0   0   1   00                                          
 0482     0   1   1   0   0   1   00                                          
 0483     0   1   1   0   0   1   00                                          
 0484     0   1   1   0   0   1   00                                          
 0485     0   1   1   0   0   1   00                                          
 0486     0   1   1   0   0   1   00                                          
 0487     0   1   1   0   0   1   00                                          
 0488     0   1   1   0   0   1   00                                          
 0489     0   1   1   0   0   1   00                                          
 0490     0   1   1   0   0   1   00                                          
 0491     0   1   1   0   0   1   00                                          
 0492     0   1   1   0   0   1   00                                          
 0493     0   1   1   0   0   1   00                                          
 0494     0   1   1   0   0   1   00                                          
 0495     0   1   1   0   0   1   00                                          
 0496     0   1   1   0   0   1   00                                          
 0497     0   1   1   0   0   1   00                                          
 0498     0   1   1   0   0   1   00                                          
 0499     0   1   1   0   0   1   00                                          
 0500     0   1   1   0   0   1   00                                          
 0501     0   1   1   0   0   1   00                                          
 0502     0   1   1   0   0   1   00                                          
 0503     0   1   1   0   0   1   00                                          
 0504     0   1   1   0   0   1   00                                          
 0505     0   1   1   0   0   1   00                                          
 0506     0   1   1   0   0   1   00                                          
 0507     0   1   1   0   0   1   00                                          
 0508     0   1   1   0   0   1   00                                          
 0509     0   1   1   0   0   1   00                                          
 0510     0   1   1   0   0   1   00                                          
 0511     0   1   1   0   0   1   00                                          
 0512     0   1   1   0   0   1   00                                          
 0513     0   1   1   0   0   1   00                                          
 0514     0   1   1   0   0   1   00                                          
 0515     0   1   1   0   0   1   00                                          
 0516     0   1   1   0   0   1   00                                          
 0517     0   1   1   0   0   1   00                                          
 0518     0   1   1   0   0   1   00                                          
 0519     0   1   1   0   0   1   00                                          
 0520     0   1   1   0   0   1   00                                          
 0521     0   1   1   0   0   1   00                                          
 0522     0   1   1   0   0   1   00                                          
 0523     0   1   1   0   0   1   00                                          
 0524     0   1   1   0   0   1   00                                          
 0525     0   1   1   0   0   1   00                                          
 0526     0   1   1   0   0   1   00                                          
 0527     0   1   1   0   0   1   00                                          
 0528     0   1   1   0   0   1   00                                          
 0529     0   1   1   0   0   1   00                                          
 0530     0   1   1   0   0   1   00                                          
 0531     0   1   1   0   0   1   00                                          
 0532     0   1   1   0   0   1   00                                          
 0533     0   1   1   0   0   1   00                                          
 0534     0   1   1   0   0   1   00                                          
 0535     0   1   1   0   0   1   00                                          
 0536     0   1   1   0   0   1   00                                          
 0537     0   1   1   0   0   1   00                                          
 0538     0   1   1   0   0   1   00                                          
 0539     0   1   1   0   0   1   00                                          
 0540     0   1   1   0   0   1   00                                          
 0541     0   1   1   0   0   1   00                                          
 0542     0   1   1   0   0   1   00                                          
 0543     0   1   1   0   0   1   00                                          
 0544     0   1   1   0   0   1   00                                          
 0545     0   1   1   0   0   1   00                                          
 0546     0   1   1   0   0   1   00                                          
 0547     0   1   1   0   0   1   00                                          
 0548     0   1   1   0   0   1   00                                          
 0549     0   1   1   0   0   1   00                                          
 0550     0   1   1   0   0   1   00                                          
 0551     0   1   1   0   0   1   00                                          
 0552     0   1   1   0   0   1   00                                          
 0553     0   1   1   0   0   1   00                                          
 0554     0   1   1   0   0   1   00                                          
 0555     0   1   1   0   0   1   00                                          
 0556     0   1   1   0   0   1   00                                          
 0557     0   1   1   0   0   1   00                                          
 0558     0   1   1   0   0   1   00                                          
 0559     0   1   1   0   0   1   00                                          
 0560     0   1   1   0   0   1   00                                          
 0561     0   1   1   0   0   1   00                                          
 0562     0   1   1   0   0   1   00                                          
 0563     0   1   1   0   0   1   00                                          
 0564     0   1   1   0   0   1   00                                          
 0565     0   1   1   0   0   1   00                                          
 0566     0   1   1   0   0   1   00                                          
 056